%YAML:1.0
---
K: !!opencv-matrix
   rows: 3
   cols: 3
   dt: d
   data: [ 940.14186666459523, 0., 929.64903845330059, 0.,
       939.54603380596677, 568.18694297669538, 0., 0., 1. ]
D: !!opencv-matrix
   rows: 1
   cols: 5
   dt: d
   data: [ 0.020951794608025147, -0.03968028638065299,
       0.0036065233780593359, -0.0015407992397959024,
       0.036513562363684228 ]
